[0.525436234091325, 0.7664420357545634, -0.8501325302289784, 0.837062396832212, 0.547789912558051]
1
: 
(5) [-0.6192682538878003, -0.986234219069478, -0.9129164630641633, 0.6604899541944449, 0.28247264453971255]
2
: 
(5) [0.8414343905045514, 0.966863129958679, 0.42742884870936604, -0.16147169880539658, 0.9638678993440262]
3
: 
(5) [-0.8966630110116709, 0.6024979627324811, 0.18202259298603551, -0.6050170970927016, -0.28877697863617]
4
: 
(5) [-0.6703738951480356, -0.7956607790416372, 0.3025090595305189, -0.739056026902962, 0.2783415250996346]
5
: 
(5) [0.2949232727640545, -0.6049537922767607, -0.401623597001074, -0.8273054350555744, 0.2962489901455503]
6
: 
(5) [0.23499605787174516, 0.06708199575066964, -0.3070360077793075, 0.541644330750567, -0.2383641205842848]
length
: 
7
[[Prototype]]
: 
Array(0)
1
: 
Array(5)
0
: 
(7) [0.6539278684610939, 0.44723823775305416, 0.06929992285406339, -0.5981376355566439, 0.33426352606222487, 0.5592141169059968, 0.28043108170201836]
1
: 
(7) [0.6986569685040964, -0.9372142467864621, 0.47392844865559947, -0.37278623469384486, -0.9365352261588356, 0.3094098460363739, 0.3016310741091299]
2
: 
(7) [0.044681663156036944, 0.0924729048381463, -0.4542519864002421, 0.8394541722886975, 0.5731038549081087, 0.5280508826877495, 0.05486796527537963]
3
: 
(7) [0.5091550930695983, 0.5772014644313033, 0.048422829570409, 0.798621109972032, -0.7019618682447217, 0.36334203740278226, -0.6958972593454651]
4
: 
(7) [0.5337160229200852, -0.4536282012104249, -0.6359934614161951, -0.4941001818248625, 0.7791786949408295, -0.04121389047712354, 0.7324636872050452]
length
: 
5
[[Prototype]]
: 
Array(0)
2
: 
Array(7)
0
: 
(7) [-0.7732883282603509, 0.011825307487329795, -0.22653936912029127, 0.08773589190624831, -0.8028543122008971, -0.820821889342608, 0.08323271861961024]
1
: 
(7) [0.623917988512767, -0.10974588773143545, -0.8275956917881253, -0.06937236313185435, 0.7654492704662748, 0.4096669153970016, 0.692426025618623]
2
: 
(7) [0.9648484756187228, 0.8229951836596989, 0.5539023532121696, -0.7145599776216556, 0.3655552346682527, 0.3124637013016809, -0.7181197530287868]
3
: 
(7) [-0.8332740115368429, -0.9596122792549617, 0.4485256384640264, 0.547248491294831, -0.5634407304852074, -0.6764347754190183, -0.3836730127540251]
4
: 
(7) [0.030694492634842696, -0.6482852711183409, 0.380286193385869, 0.2847460069638832, -0.6569047496912721, -0.4005306695811153, 0.6813429225369099]
5
: 
(7) [0.6969452547415707, -0.53519471039548, 0.7099060155561279, -0.45345680303018154, -0.6635605996890959, 0.3427278921825152, -0.7314268796717929]
6
: 
(7) [-0.3876247364557841, -0.9773253941480533, -0.33041762332284663, 0.5589055919909074, -0.10190928420917289, -0.9278212445195866, 0.0016863271167022464]
length
: 
7
[[Prototype]]
: 
Array(0)
3
: 
Array(7)
0
: 
(3) [-0.9259939746024763, -0.9373457930527309, -0.27829979912400593]
1
: 
(3) [-0.7793012377550026, 0.7437319997556715, 0.3637192740417585]
2
: 
(3) [-0.44159753132169954, -0.5338338355259489, 0.017261713803021772]
3
: 
(3) [0.24244128276422883, 0.22037334804530428, 0.7304476764404082]
4
: 
(3) [0.9849427594521369, -0.6043823729032289, 0.13496598047637853]
5
: 
(3) [-0.8933511153429008, 0.43104112093536906, 0.142198533863509]
6
: 
(3) [-0.41308520842333674, 0.28012209856338766, 0.3859937933031179]